{
 "cells": [
  {
   "cell_type": "code",
   "execution_count": 1,
   "metadata": {},
   "outputs": [],
   "source": [
    "import pandas as pd\n",
    "import geopandas as gpd\n",
    "import numpy as np\n",
    "import matplotlib.pyplot as plt\n",
    "# import seaborn as sns\n",
    "# import sweetviz as sv\n",
    "pd.set_option('display.max_columns', 500)"
   ]
  },
  {
   "cell_type": "code",
   "execution_count": 82,
   "metadata": {},
   "outputs": [
    {
     "data": {
      "text/html": [
       "<div>\n",
       "<style scoped>\n",
       "    .dataframe tbody tr th:only-of-type {\n",
       "        vertical-align: middle;\n",
       "    }\n",
       "\n",
       "    .dataframe tbody tr th {\n",
       "        vertical-align: top;\n",
       "    }\n",
       "\n",
       "    .dataframe thead th {\n",
       "        text-align: right;\n",
       "    }\n",
       "</style>\n",
       "<table border=\"1\" class=\"dataframe\">\n",
       "  <thead>\n",
       "    <tr style=\"text-align: right;\">\n",
       "      <th></th>\n",
       "      <th>city_munic</th>\n",
       "      <th>economic_ind</th>\n",
       "      <th>disaster_ind</th>\n",
       "      <th>industry_ind</th>\n",
       "      <th>healthcare_ind</th>\n",
       "      <th>poverty_ind</th>\n",
       "      <th>cluster_id</th>\n",
       "      <th>population</th>\n",
       "      <th>hospital</th>\n",
       "      <th>doctor</th>\n",
       "      <th>nurse</th>\n",
       "      <th>midwife</th>\n",
       "      <th>dentist</th>\n",
       "      <th>nutritioni</th>\n",
       "      <th>pharmacist</th>\n",
       "      <th>occupation</th>\n",
       "      <th>medical_techs</th>\n",
       "      <th>physical_techs</th>\n",
       "      <th>radiology</th>\n",
       "      <th>x-ray_techs</th>\n",
       "    </tr>\n",
       "  </thead>\n",
       "  <tbody>\n",
       "    <tr>\n",
       "      <th>0</th>\n",
       "      <td>Aborlan</td>\n",
       "      <td>0.060652</td>\n",
       "      <td>-0.293379</td>\n",
       "      <td>-0.256356</td>\n",
       "      <td>-2.734656</td>\n",
       "      <td>-0.15229</td>\n",
       "      <td>1</td>\n",
       "      <td>35091</td>\n",
       "      <td>0</td>\n",
       "      <td>20</td>\n",
       "      <td>30</td>\n",
       "      <td>7</td>\n",
       "      <td>1</td>\n",
       "      <td>0</td>\n",
       "      <td>0</td>\n",
       "      <td>0</td>\n",
       "      <td>1</td>\n",
       "      <td>0</td>\n",
       "      <td>0</td>\n",
       "      <td>0</td>\n",
       "    </tr>\n",
       "  </tbody>\n",
       "</table>\n",
       "</div>"
      ],
      "text/plain": [
       "  city_munic  economic_ind  disaster_ind  industry_ind  healthcare_ind  \\\n",
       "0    Aborlan      0.060652     -0.293379     -0.256356       -2.734656   \n",
       "\n",
       "   poverty_ind  cluster_id  population  hospital  doctor  nurse  midwife  \\\n",
       "0     -0.15229           1       35091         0      20     30        7   \n",
       "\n",
       "   dentist  nutritioni  pharmacist  occupation  medical_techs  physical_techs  \\\n",
       "0        1           0           0           0              1               0   \n",
       "\n",
       "   radiology  x-ray_techs  \n",
       "0          0            0  "
      ]
     },
     "execution_count": 82,
     "metadata": {},
     "output_type": "execute_result"
    }
   ],
   "source": [
    "df1 = pd.read_csv('../data/merged_model_output.csv')\n",
    "df1.head(1)"
   ]
  },
  {
   "cell_type": "code",
   "execution_count": 83,
   "metadata": {},
   "outputs": [],
   "source": [
    "# analyze_report = sv.analyze(df1, target_feat='population')\n",
    "# analyze_report.show_html('analyze.html')"
   ]
  },
  {
   "cell_type": "code",
   "execution_count": 84,
   "metadata": {},
   "outputs": [
    {
     "name": "stderr",
     "output_type": "stream",
     "text": [
      "C:\\Users\\kmedr\\AppData\\Local\\Temp\\ipykernel_9280\\473017434.py:1: FutureWarning: The default value of numeric_only in DataFrame.corr is deprecated. In a future version, it will default to False. Select only valid columns or specify the value of numeric_only to silence this warning.\n",
      "  df1.corr()\n"
     ]
    },
    {
     "data": {
      "text/html": [
       "<div>\n",
       "<style scoped>\n",
       "    .dataframe tbody tr th:only-of-type {\n",
       "        vertical-align: middle;\n",
       "    }\n",
       "\n",
       "    .dataframe tbody tr th {\n",
       "        vertical-align: top;\n",
       "    }\n",
       "\n",
       "    .dataframe thead th {\n",
       "        text-align: right;\n",
       "    }\n",
       "</style>\n",
       "<table border=\"1\" class=\"dataframe\">\n",
       "  <thead>\n",
       "    <tr style=\"text-align: right;\">\n",
       "      <th></th>\n",
       "      <th>economic_ind</th>\n",
       "      <th>disaster_ind</th>\n",
       "      <th>industry_ind</th>\n",
       "      <th>healthcare_ind</th>\n",
       "      <th>poverty_ind</th>\n",
       "      <th>cluster_id</th>\n",
       "      <th>population</th>\n",
       "      <th>hospital</th>\n",
       "      <th>doctor</th>\n",
       "      <th>nurse</th>\n",
       "      <th>midwife</th>\n",
       "      <th>dentist</th>\n",
       "      <th>nutritioni</th>\n",
       "      <th>pharmacist</th>\n",
       "      <th>occupation</th>\n",
       "      <th>medical_techs</th>\n",
       "      <th>physical_techs</th>\n",
       "      <th>radiology</th>\n",
       "      <th>x-ray_techs</th>\n",
       "    </tr>\n",
       "  </thead>\n",
       "  <tbody>\n",
       "    <tr>\n",
       "      <th>economic_ind</th>\n",
       "      <td>1.000000</td>\n",
       "      <td>0.545650</td>\n",
       "      <td>0.554410</td>\n",
       "      <td>-0.138875</td>\n",
       "      <td>-0.001031</td>\n",
       "      <td>0.698240</td>\n",
       "      <td>-0.198735</td>\n",
       "      <td>-0.203603</td>\n",
       "      <td>-0.129939</td>\n",
       "      <td>-0.177336</td>\n",
       "      <td>-0.156210</td>\n",
       "      <td>-0.111793</td>\n",
       "      <td>-0.124248</td>\n",
       "      <td>-0.156776</td>\n",
       "      <td>-0.060332</td>\n",
       "      <td>-0.122241</td>\n",
       "      <td>-0.119123</td>\n",
       "      <td>-0.128350</td>\n",
       "      <td>-0.145112</td>\n",
       "    </tr>\n",
       "    <tr>\n",
       "      <th>disaster_ind</th>\n",
       "      <td>0.545650</td>\n",
       "      <td>1.000000</td>\n",
       "      <td>0.625538</td>\n",
       "      <td>-0.114950</td>\n",
       "      <td>-0.115418</td>\n",
       "      <td>0.492032</td>\n",
       "      <td>-0.216577</td>\n",
       "      <td>-0.221188</td>\n",
       "      <td>-0.155015</td>\n",
       "      <td>-0.214879</td>\n",
       "      <td>-0.186257</td>\n",
       "      <td>-0.134208</td>\n",
       "      <td>-0.142953</td>\n",
       "      <td>-0.179639</td>\n",
       "      <td>-0.069204</td>\n",
       "      <td>-0.138406</td>\n",
       "      <td>-0.145476</td>\n",
       "      <td>-0.143913</td>\n",
       "      <td>-0.173462</td>\n",
       "    </tr>\n",
       "    <tr>\n",
       "      <th>industry_ind</th>\n",
       "      <td>0.554410</td>\n",
       "      <td>0.625538</td>\n",
       "      <td>1.000000</td>\n",
       "      <td>-0.154925</td>\n",
       "      <td>-0.129064</td>\n",
       "      <td>0.515634</td>\n",
       "      <td>-0.218556</td>\n",
       "      <td>-0.223320</td>\n",
       "      <td>-0.136936</td>\n",
       "      <td>-0.191492</td>\n",
       "      <td>-0.160181</td>\n",
       "      <td>-0.120434</td>\n",
       "      <td>-0.127199</td>\n",
       "      <td>-0.160722</td>\n",
       "      <td>-0.059457</td>\n",
       "      <td>-0.117416</td>\n",
       "      <td>-0.117942</td>\n",
       "      <td>-0.122903</td>\n",
       "      <td>-0.155377</td>\n",
       "    </tr>\n",
       "    <tr>\n",
       "      <th>healthcare_ind</th>\n",
       "      <td>-0.138875</td>\n",
       "      <td>-0.114950</td>\n",
       "      <td>-0.154925</td>\n",
       "      <td>1.000000</td>\n",
       "      <td>0.004740</td>\n",
       "      <td>-0.556698</td>\n",
       "      <td>0.199757</td>\n",
       "      <td>0.188596</td>\n",
       "      <td>0.185953</td>\n",
       "      <td>0.202013</td>\n",
       "      <td>0.218124</td>\n",
       "      <td>0.123982</td>\n",
       "      <td>0.140180</td>\n",
       "      <td>0.176387</td>\n",
       "      <td>0.028686</td>\n",
       "      <td>0.128526</td>\n",
       "      <td>0.106926</td>\n",
       "      <td>0.146916</td>\n",
       "      <td>0.108553</td>\n",
       "    </tr>\n",
       "    <tr>\n",
       "      <th>poverty_ind</th>\n",
       "      <td>-0.001031</td>\n",
       "      <td>-0.115418</td>\n",
       "      <td>-0.129064</td>\n",
       "      <td>0.004740</td>\n",
       "      <td>1.000000</td>\n",
       "      <td>-0.012765</td>\n",
       "      <td>0.084759</td>\n",
       "      <td>0.073853</td>\n",
       "      <td>0.081567</td>\n",
       "      <td>0.111038</td>\n",
       "      <td>0.068275</td>\n",
       "      <td>0.081404</td>\n",
       "      <td>0.060051</td>\n",
       "      <td>0.056275</td>\n",
       "      <td>0.037934</td>\n",
       "      <td>0.060569</td>\n",
       "      <td>0.059648</td>\n",
       "      <td>0.053627</td>\n",
       "      <td>0.082683</td>\n",
       "    </tr>\n",
       "    <tr>\n",
       "      <th>cluster_id</th>\n",
       "      <td>0.698240</td>\n",
       "      <td>0.492032</td>\n",
       "      <td>0.515634</td>\n",
       "      <td>-0.556698</td>\n",
       "      <td>-0.012765</td>\n",
       "      <td>1.000000</td>\n",
       "      <td>-0.201133</td>\n",
       "      <td>-0.190076</td>\n",
       "      <td>-0.145143</td>\n",
       "      <td>-0.173576</td>\n",
       "      <td>-0.178902</td>\n",
       "      <td>-0.112588</td>\n",
       "      <td>-0.129450</td>\n",
       "      <td>-0.163796</td>\n",
       "      <td>-0.042971</td>\n",
       "      <td>-0.124861</td>\n",
       "      <td>-0.126199</td>\n",
       "      <td>-0.142032</td>\n",
       "      <td>-0.136020</td>\n",
       "    </tr>\n",
       "    <tr>\n",
       "      <th>population</th>\n",
       "      <td>-0.198735</td>\n",
       "      <td>-0.216577</td>\n",
       "      <td>-0.218556</td>\n",
       "      <td>0.199757</td>\n",
       "      <td>0.084759</td>\n",
       "      <td>-0.201133</td>\n",
       "      <td>1.000000</td>\n",
       "      <td>0.845902</td>\n",
       "      <td>0.414806</td>\n",
       "      <td>0.431036</td>\n",
       "      <td>0.584756</td>\n",
       "      <td>0.532863</td>\n",
       "      <td>0.737545</td>\n",
       "      <td>0.696140</td>\n",
       "      <td>0.640984</td>\n",
       "      <td>0.728870</td>\n",
       "      <td>0.710586</td>\n",
       "      <td>0.763010</td>\n",
       "      <td>0.725969</td>\n",
       "    </tr>\n",
       "    <tr>\n",
       "      <th>hospital</th>\n",
       "      <td>-0.203603</td>\n",
       "      <td>-0.221188</td>\n",
       "      <td>-0.223320</td>\n",
       "      <td>0.188596</td>\n",
       "      <td>0.073853</td>\n",
       "      <td>-0.190076</td>\n",
       "      <td>0.845902</td>\n",
       "      <td>1.000000</td>\n",
       "      <td>0.618319</td>\n",
       "      <td>0.628902</td>\n",
       "      <td>0.741687</td>\n",
       "      <td>0.711714</td>\n",
       "      <td>0.866593</td>\n",
       "      <td>0.825907</td>\n",
       "      <td>0.710406</td>\n",
       "      <td>0.842646</td>\n",
       "      <td>0.792356</td>\n",
       "      <td>0.831123</td>\n",
       "      <td>0.774523</td>\n",
       "    </tr>\n",
       "    <tr>\n",
       "      <th>doctor</th>\n",
       "      <td>-0.129939</td>\n",
       "      <td>-0.155015</td>\n",
       "      <td>-0.136936</td>\n",
       "      <td>0.185953</td>\n",
       "      <td>0.081567</td>\n",
       "      <td>-0.145143</td>\n",
       "      <td>0.414806</td>\n",
       "      <td>0.618319</td>\n",
       "      <td>1.000000</td>\n",
       "      <td>0.874690</td>\n",
       "      <td>0.811112</td>\n",
       "      <td>0.828931</td>\n",
       "      <td>0.654389</td>\n",
       "      <td>0.669943</td>\n",
       "      <td>0.297903</td>\n",
       "      <td>0.668396</td>\n",
       "      <td>0.609090</td>\n",
       "      <td>0.659617</td>\n",
       "      <td>0.358620</td>\n",
       "    </tr>\n",
       "    <tr>\n",
       "      <th>nurse</th>\n",
       "      <td>-0.177336</td>\n",
       "      <td>-0.214879</td>\n",
       "      <td>-0.191492</td>\n",
       "      <td>0.202013</td>\n",
       "      <td>0.111038</td>\n",
       "      <td>-0.173576</td>\n",
       "      <td>0.431036</td>\n",
       "      <td>0.628902</td>\n",
       "      <td>0.874690</td>\n",
       "      <td>1.000000</td>\n",
       "      <td>0.733361</td>\n",
       "      <td>0.702446</td>\n",
       "      <td>0.592684</td>\n",
       "      <td>0.645135</td>\n",
       "      <td>0.222421</td>\n",
       "      <td>0.591576</td>\n",
       "      <td>0.606152</td>\n",
       "      <td>0.605647</td>\n",
       "      <td>0.439642</td>\n",
       "    </tr>\n",
       "    <tr>\n",
       "      <th>midwife</th>\n",
       "      <td>-0.156210</td>\n",
       "      <td>-0.186257</td>\n",
       "      <td>-0.160181</td>\n",
       "      <td>0.218124</td>\n",
       "      <td>0.068275</td>\n",
       "      <td>-0.178902</td>\n",
       "      <td>0.584756</td>\n",
       "      <td>0.741687</td>\n",
       "      <td>0.811112</td>\n",
       "      <td>0.733361</td>\n",
       "      <td>1.000000</td>\n",
       "      <td>0.875227</td>\n",
       "      <td>0.860952</td>\n",
       "      <td>0.833974</td>\n",
       "      <td>0.571308</td>\n",
       "      <td>0.847650</td>\n",
       "      <td>0.753287</td>\n",
       "      <td>0.822094</td>\n",
       "      <td>0.530289</td>\n",
       "    </tr>\n",
       "    <tr>\n",
       "      <th>dentist</th>\n",
       "      <td>-0.111793</td>\n",
       "      <td>-0.134208</td>\n",
       "      <td>-0.120434</td>\n",
       "      <td>0.123982</td>\n",
       "      <td>0.081404</td>\n",
       "      <td>-0.112588</td>\n",
       "      <td>0.532863</td>\n",
       "      <td>0.711714</td>\n",
       "      <td>0.828931</td>\n",
       "      <td>0.702446</td>\n",
       "      <td>0.875227</td>\n",
       "      <td>1.000000</td>\n",
       "      <td>0.839221</td>\n",
       "      <td>0.817488</td>\n",
       "      <td>0.601294</td>\n",
       "      <td>0.857085</td>\n",
       "      <td>0.784738</td>\n",
       "      <td>0.814302</td>\n",
       "      <td>0.496046</td>\n",
       "    </tr>\n",
       "    <tr>\n",
       "      <th>nutritioni</th>\n",
       "      <td>-0.124248</td>\n",
       "      <td>-0.142953</td>\n",
       "      <td>-0.127199</td>\n",
       "      <td>0.140180</td>\n",
       "      <td>0.060051</td>\n",
       "      <td>-0.129450</td>\n",
       "      <td>0.737545</td>\n",
       "      <td>0.866593</td>\n",
       "      <td>0.654389</td>\n",
       "      <td>0.592684</td>\n",
       "      <td>0.860952</td>\n",
       "      <td>0.839221</td>\n",
       "      <td>1.000000</td>\n",
       "      <td>0.903164</td>\n",
       "      <td>0.844463</td>\n",
       "      <td>0.971693</td>\n",
       "      <td>0.905193</td>\n",
       "      <td>0.947417</td>\n",
       "      <td>0.735798</td>\n",
       "    </tr>\n",
       "    <tr>\n",
       "      <th>pharmacist</th>\n",
       "      <td>-0.156776</td>\n",
       "      <td>-0.179639</td>\n",
       "      <td>-0.160722</td>\n",
       "      <td>0.176387</td>\n",
       "      <td>0.056275</td>\n",
       "      <td>-0.163796</td>\n",
       "      <td>0.696140</td>\n",
       "      <td>0.825907</td>\n",
       "      <td>0.669943</td>\n",
       "      <td>0.645135</td>\n",
       "      <td>0.833974</td>\n",
       "      <td>0.817488</td>\n",
       "      <td>0.903164</td>\n",
       "      <td>1.000000</td>\n",
       "      <td>0.699143</td>\n",
       "      <td>0.932507</td>\n",
       "      <td>0.840937</td>\n",
       "      <td>0.916459</td>\n",
       "      <td>0.680529</td>\n",
       "    </tr>\n",
       "    <tr>\n",
       "      <th>occupation</th>\n",
       "      <td>-0.060332</td>\n",
       "      <td>-0.069204</td>\n",
       "      <td>-0.059457</td>\n",
       "      <td>0.028686</td>\n",
       "      <td>0.037934</td>\n",
       "      <td>-0.042971</td>\n",
       "      <td>0.640984</td>\n",
       "      <td>0.710406</td>\n",
       "      <td>0.297903</td>\n",
       "      <td>0.222421</td>\n",
       "      <td>0.571308</td>\n",
       "      <td>0.601294</td>\n",
       "      <td>0.844463</td>\n",
       "      <td>0.699143</td>\n",
       "      <td>1.000000</td>\n",
       "      <td>0.824915</td>\n",
       "      <td>0.777355</td>\n",
       "      <td>0.777107</td>\n",
       "      <td>0.649672</td>\n",
       "    </tr>\n",
       "    <tr>\n",
       "      <th>medical_techs</th>\n",
       "      <td>-0.122241</td>\n",
       "      <td>-0.138406</td>\n",
       "      <td>-0.117416</td>\n",
       "      <td>0.128526</td>\n",
       "      <td>0.060569</td>\n",
       "      <td>-0.124861</td>\n",
       "      <td>0.728870</td>\n",
       "      <td>0.842646</td>\n",
       "      <td>0.668396</td>\n",
       "      <td>0.591576</td>\n",
       "      <td>0.847650</td>\n",
       "      <td>0.857085</td>\n",
       "      <td>0.971693</td>\n",
       "      <td>0.932507</td>\n",
       "      <td>0.824915</td>\n",
       "      <td>1.000000</td>\n",
       "      <td>0.902951</td>\n",
       "      <td>0.969866</td>\n",
       "      <td>0.720559</td>\n",
       "    </tr>\n",
       "    <tr>\n",
       "      <th>physical_techs</th>\n",
       "      <td>-0.119123</td>\n",
       "      <td>-0.145476</td>\n",
       "      <td>-0.117942</td>\n",
       "      <td>0.106926</td>\n",
       "      <td>0.059648</td>\n",
       "      <td>-0.126199</td>\n",
       "      <td>0.710586</td>\n",
       "      <td>0.792356</td>\n",
       "      <td>0.609090</td>\n",
       "      <td>0.606152</td>\n",
       "      <td>0.753287</td>\n",
       "      <td>0.784738</td>\n",
       "      <td>0.905193</td>\n",
       "      <td>0.840937</td>\n",
       "      <td>0.777355</td>\n",
       "      <td>0.902951</td>\n",
       "      <td>1.000000</td>\n",
       "      <td>0.917187</td>\n",
       "      <td>0.750611</td>\n",
       "    </tr>\n",
       "    <tr>\n",
       "      <th>radiology</th>\n",
       "      <td>-0.128350</td>\n",
       "      <td>-0.143913</td>\n",
       "      <td>-0.122903</td>\n",
       "      <td>0.146916</td>\n",
       "      <td>0.053627</td>\n",
       "      <td>-0.142032</td>\n",
       "      <td>0.763010</td>\n",
       "      <td>0.831123</td>\n",
       "      <td>0.659617</td>\n",
       "      <td>0.605647</td>\n",
       "      <td>0.822094</td>\n",
       "      <td>0.814302</td>\n",
       "      <td>0.947417</td>\n",
       "      <td>0.916459</td>\n",
       "      <td>0.777107</td>\n",
       "      <td>0.969866</td>\n",
       "      <td>0.917187</td>\n",
       "      <td>1.000000</td>\n",
       "      <td>0.726821</td>\n",
       "    </tr>\n",
       "    <tr>\n",
       "      <th>x-ray_techs</th>\n",
       "      <td>-0.145112</td>\n",
       "      <td>-0.173462</td>\n",
       "      <td>-0.155377</td>\n",
       "      <td>0.108553</td>\n",
       "      <td>0.082683</td>\n",
       "      <td>-0.136020</td>\n",
       "      <td>0.725969</td>\n",
       "      <td>0.774523</td>\n",
       "      <td>0.358620</td>\n",
       "      <td>0.439642</td>\n",
       "      <td>0.530289</td>\n",
       "      <td>0.496046</td>\n",
       "      <td>0.735798</td>\n",
       "      <td>0.680529</td>\n",
       "      <td>0.649672</td>\n",
       "      <td>0.720559</td>\n",
       "      <td>0.750611</td>\n",
       "      <td>0.726821</td>\n",
       "      <td>1.000000</td>\n",
       "    </tr>\n",
       "  </tbody>\n",
       "</table>\n",
       "</div>"
      ],
      "text/plain": [
       "                economic_ind  disaster_ind  industry_ind  healthcare_ind  \\\n",
       "economic_ind        1.000000      0.545650      0.554410       -0.138875   \n",
       "disaster_ind        0.545650      1.000000      0.625538       -0.114950   \n",
       "industry_ind        0.554410      0.625538      1.000000       -0.154925   \n",
       "healthcare_ind     -0.138875     -0.114950     -0.154925        1.000000   \n",
       "poverty_ind        -0.001031     -0.115418     -0.129064        0.004740   \n",
       "cluster_id          0.698240      0.492032      0.515634       -0.556698   \n",
       "population         -0.198735     -0.216577     -0.218556        0.199757   \n",
       "hospital           -0.203603     -0.221188     -0.223320        0.188596   \n",
       "doctor             -0.129939     -0.155015     -0.136936        0.185953   \n",
       "nurse              -0.177336     -0.214879     -0.191492        0.202013   \n",
       "midwife            -0.156210     -0.186257     -0.160181        0.218124   \n",
       "dentist            -0.111793     -0.134208     -0.120434        0.123982   \n",
       "nutritioni         -0.124248     -0.142953     -0.127199        0.140180   \n",
       "pharmacist         -0.156776     -0.179639     -0.160722        0.176387   \n",
       "occupation         -0.060332     -0.069204     -0.059457        0.028686   \n",
       "medical_techs      -0.122241     -0.138406     -0.117416        0.128526   \n",
       "physical_techs     -0.119123     -0.145476     -0.117942        0.106926   \n",
       "radiology          -0.128350     -0.143913     -0.122903        0.146916   \n",
       "x-ray_techs        -0.145112     -0.173462     -0.155377        0.108553   \n",
       "\n",
       "                poverty_ind  cluster_id  population  hospital    doctor  \\\n",
       "economic_ind      -0.001031    0.698240   -0.198735 -0.203603 -0.129939   \n",
       "disaster_ind      -0.115418    0.492032   -0.216577 -0.221188 -0.155015   \n",
       "industry_ind      -0.129064    0.515634   -0.218556 -0.223320 -0.136936   \n",
       "healthcare_ind     0.004740   -0.556698    0.199757  0.188596  0.185953   \n",
       "poverty_ind        1.000000   -0.012765    0.084759  0.073853  0.081567   \n",
       "cluster_id        -0.012765    1.000000   -0.201133 -0.190076 -0.145143   \n",
       "population         0.084759   -0.201133    1.000000  0.845902  0.414806   \n",
       "hospital           0.073853   -0.190076    0.845902  1.000000  0.618319   \n",
       "doctor             0.081567   -0.145143    0.414806  0.618319  1.000000   \n",
       "nurse              0.111038   -0.173576    0.431036  0.628902  0.874690   \n",
       "midwife            0.068275   -0.178902    0.584756  0.741687  0.811112   \n",
       "dentist            0.081404   -0.112588    0.532863  0.711714  0.828931   \n",
       "nutritioni         0.060051   -0.129450    0.737545  0.866593  0.654389   \n",
       "pharmacist         0.056275   -0.163796    0.696140  0.825907  0.669943   \n",
       "occupation         0.037934   -0.042971    0.640984  0.710406  0.297903   \n",
       "medical_techs      0.060569   -0.124861    0.728870  0.842646  0.668396   \n",
       "physical_techs     0.059648   -0.126199    0.710586  0.792356  0.609090   \n",
       "radiology          0.053627   -0.142032    0.763010  0.831123  0.659617   \n",
       "x-ray_techs        0.082683   -0.136020    0.725969  0.774523  0.358620   \n",
       "\n",
       "                   nurse   midwife   dentist  nutritioni  pharmacist  \\\n",
       "economic_ind   -0.177336 -0.156210 -0.111793   -0.124248   -0.156776   \n",
       "disaster_ind   -0.214879 -0.186257 -0.134208   -0.142953   -0.179639   \n",
       "industry_ind   -0.191492 -0.160181 -0.120434   -0.127199   -0.160722   \n",
       "healthcare_ind  0.202013  0.218124  0.123982    0.140180    0.176387   \n",
       "poverty_ind     0.111038  0.068275  0.081404    0.060051    0.056275   \n",
       "cluster_id     -0.173576 -0.178902 -0.112588   -0.129450   -0.163796   \n",
       "population      0.431036  0.584756  0.532863    0.737545    0.696140   \n",
       "hospital        0.628902  0.741687  0.711714    0.866593    0.825907   \n",
       "doctor          0.874690  0.811112  0.828931    0.654389    0.669943   \n",
       "nurse           1.000000  0.733361  0.702446    0.592684    0.645135   \n",
       "midwife         0.733361  1.000000  0.875227    0.860952    0.833974   \n",
       "dentist         0.702446  0.875227  1.000000    0.839221    0.817488   \n",
       "nutritioni      0.592684  0.860952  0.839221    1.000000    0.903164   \n",
       "pharmacist      0.645135  0.833974  0.817488    0.903164    1.000000   \n",
       "occupation      0.222421  0.571308  0.601294    0.844463    0.699143   \n",
       "medical_techs   0.591576  0.847650  0.857085    0.971693    0.932507   \n",
       "physical_techs  0.606152  0.753287  0.784738    0.905193    0.840937   \n",
       "radiology       0.605647  0.822094  0.814302    0.947417    0.916459   \n",
       "x-ray_techs     0.439642  0.530289  0.496046    0.735798    0.680529   \n",
       "\n",
       "                occupation  medical_techs  physical_techs  radiology  \\\n",
       "economic_ind     -0.060332      -0.122241       -0.119123  -0.128350   \n",
       "disaster_ind     -0.069204      -0.138406       -0.145476  -0.143913   \n",
       "industry_ind     -0.059457      -0.117416       -0.117942  -0.122903   \n",
       "healthcare_ind    0.028686       0.128526        0.106926   0.146916   \n",
       "poverty_ind       0.037934       0.060569        0.059648   0.053627   \n",
       "cluster_id       -0.042971      -0.124861       -0.126199  -0.142032   \n",
       "population        0.640984       0.728870        0.710586   0.763010   \n",
       "hospital          0.710406       0.842646        0.792356   0.831123   \n",
       "doctor            0.297903       0.668396        0.609090   0.659617   \n",
       "nurse             0.222421       0.591576        0.606152   0.605647   \n",
       "midwife           0.571308       0.847650        0.753287   0.822094   \n",
       "dentist           0.601294       0.857085        0.784738   0.814302   \n",
       "nutritioni        0.844463       0.971693        0.905193   0.947417   \n",
       "pharmacist        0.699143       0.932507        0.840937   0.916459   \n",
       "occupation        1.000000       0.824915        0.777355   0.777107   \n",
       "medical_techs     0.824915       1.000000        0.902951   0.969866   \n",
       "physical_techs    0.777355       0.902951        1.000000   0.917187   \n",
       "radiology         0.777107       0.969866        0.917187   1.000000   \n",
       "x-ray_techs       0.649672       0.720559        0.750611   0.726821   \n",
       "\n",
       "                x-ray_techs  \n",
       "economic_ind      -0.145112  \n",
       "disaster_ind      -0.173462  \n",
       "industry_ind      -0.155377  \n",
       "healthcare_ind     0.108553  \n",
       "poverty_ind        0.082683  \n",
       "cluster_id        -0.136020  \n",
       "population         0.725969  \n",
       "hospital           0.774523  \n",
       "doctor             0.358620  \n",
       "nurse              0.439642  \n",
       "midwife            0.530289  \n",
       "dentist            0.496046  \n",
       "nutritioni         0.735798  \n",
       "pharmacist         0.680529  \n",
       "occupation         0.649672  \n",
       "medical_techs      0.720559  \n",
       "physical_techs     0.750611  \n",
       "radiology          0.726821  \n",
       "x-ray_techs        1.000000  "
      ]
     },
     "execution_count": 84,
     "metadata": {},
     "output_type": "execute_result"
    }
   ],
   "source": [
    "df1.corr()"
   ]
  },
  {
   "cell_type": "code",
   "execution_count": 85,
   "metadata": {},
   "outputs": [
    {
     "data": {
